Ideal spline:
0,100000	0,000001722773915	3,982818140629070
0,050000	0,000000108920163	3,991623974606625
0,025000	0,000000006845854	3,995865253607283
0,012500	0,000000000429063	4,000731349416336
Natural spline:
0,100000	0,001330091499841	1,998251652222944
0,050000	0,000332845573486	1,999558456532691
0,025000	0,000083231777559	1,999888883083800
0,012500	0,000020809226791	1,999972111432659
Lagrange spline:
0,100000	0,000009237856963	3,908573013484633
0,050000	0,000000613828789	3,954075072679016
0,025000	0,000000039563655	3,976983689194872
0,012500	0,000000002511178	3,988014246103589
Exotic spline:
0,100000	0,000006882283241	3,922909813561275
0,050000	0,000000452939828	3,961445770462361
0,025000	0,000000029049898	3,980718287506531
0,012500	0,000000001839237	3,989722822273824
