0.0 0.0
0.001 2.4596209513561007E-8
0.002 4.9152732550794553E-8
0.003 7.363079990163612E-8
0.004 9.799264488741244E-8
0.005 1.2220150313879685E-7
0.006 1.462216154823892E-7
0.007 1.7001822660844823E-7
0.008 1.9355758751338215E-7
0.009 2.1680695638792713E-7
0.01 2.397345992832811E-7
0.011 2.623097921095052E-7
0.012 2.8450281952530077E-7
0.013 3.062849780466337E-7
0.014 3.2762857582468996E-7
0.015 3.4850693442223246E-7
0.016 3.6889438970177935E-7
0.017 3.887662920476487E-7
0.018 4.0809900836435986E-7
0.019 4.268699229648121E-7
0.02 4.4505743712619505E-7
0.021 4.6264097286474737E-7
0.022 4.796009716034888E-7
0.023 4.959188963926664E-7
0.024 5.115772312436206E-7
0.025 5.26559485347633E-7
0.026 5.408501906334351E-7
0.027 5.544349053199227E-7
0.028 5.673002134720662E-7
0.029 5.79433726555223E-7
0.03 5.908240849894497E-7
0.031 6.014609574833685E-7
0.032 6.113350441427912E-7
0.033 6.204380766927642E-7
0.034 6.287628182555238E-7
0.035 6.363030669032099E-7
0.036 6.43053653881509E-7
0.037 6.490104478285019E-7
0.038 6.541703516660391E-7
0.039 6.585313083729005E-7
0.04 6.620922980982158E-7
0.041 6.648533417141778E-7
0.042 6.668155003719534E-7
0.043 6.679808768339512E-7
0.044 6.683526174722232E-7
0.045 6.679349118243749E-7
0.046 6.66732995480146E-7
0.047 6.64753148749142E-7
0.048 6.620026999915041E-7
0.049 6.584900249517744E-7
0.05 6.542245496454768E-7
0.051 6.492167490268486E-7
0.052 6.434781503195097E-7
0.053 6.370213323503293E-7
0.054 6.298599277698713E-7
0.055 6.220086234964839E-7
0.056 6.134831618265224E-7
0.057 6.043003422107063E-7
0.058 5.944780205879852E-7
0.059 5.840351124941634E-7
0.06 5.729915928398555E-7
0.061 5.613684972427535E-7
0.062 5.491879233598951E-7
0.063 5.364730317758415E-7
0.064 5.232480466688116E-7
0.065 5.095382573649943E-7
0.066 4.953700196708155E-7
0.067 4.807707560949837E-7
0.068 4.6576895784689043E-7
0.069 4.503941848366111E-7
0.07 4.3467706789535043E-7
0.071 4.186493087754428E-7
0.072 4.023436817046644E-7
0.073 3.857940353846345E-7
0.074 3.690352925467266E-7
0.075 3.5210345150638034E-7
0.076 3.350355877174138E-7
0.077 3.178698537720237E-7
0.078 3.00645482287365E-7
0.079 2.834027856835064E-7
0.08 2.661831568495643E-7
0.081 2.4902907136414854E-7
0.082 2.3198408816149652E-7
0.083 2.1509285041965143E-7
0.084 1.9840108644864074E-7
0.085 1.8195561213296685E-7
0.086 1.6580432937729483E-7
0.087 1.4999623010325536E-7
0.088 1.3458139602740005E-7
0.089 1.196109988832461E-7
0.09 1.0513730286376699E-7
0.091 9.121366550957077E-8
0.092 7.78945377089002E-8
0.093 6.523546725034635E-8
0.094 5.329309638035795E-8
0.095 4.212516580004433E-8
0.096 3.1790514887219956E-8
0.097 2.2349082584582902E-8
0.098 1.3861907621759428E-8
0.099 6.391132068017669E-9
0.1 0.0
0.101 5.267791758356566E-9
0.102 9.450048965575775E-9
0.103 1.2604122634485293E-8
0.104 1.4786256663512631E-8
0.105 1.6051585616239095E-8
0.106 1.6454135831622807E-8
0.107 1.6046821427195823E-8
0.108 1.4881446297465573E-8
0.109 1.300870056120118E-8
0.11 1.047815967325505E-8
0.111 7.338285090696672E-9
0.112 3.636421164188164E-9
0.113 5.812046399711335E-10
0.114 5.26948351620149E-9
0.115 1.0384426873955022E-8
0.116 1.5883165671581878E-8
0.117 2.1723953746999314E-8
0.118 2.7866167595647084E-8
0.119 3.4270307702755076E-8
0.12 4.0898000319700145E-8
0.121 4.771199701991691E-8
0.122 5.467617825161142E-8
0.123 6.175555178344894E-8
0.124 6.8916256035223E-8
0.125 7.612556007785543E-8
0.126 8.335186496566394E-8
0.127 9.056470462454058E-8
0.128 9.773474762830858E-8
0.129 1.0483379764281153E-7
0.13 1.1183479542431485E-7
0.131 1.1871181881950577E-7
0.132 1.254400847638948E-7
0.133 1.319959503920387E-7
0.134 1.3835691370367442E-7
0.135 1.4450161467394196E-7
0.136 1.5040983725178592E-7
0.137 1.5606250935995547E-7
0.138 1.614417048934058E-7
0.139 1.6653064505156578E-7
0.14 1.7131369811629327E-7
0.141 1.7577638167232124E-7
0.142 1.7990536416157E-7
0.143 1.8368846510519177E-7
0.144 1.8711465599174915E-7
0.145 1.9017406338583953E-7
0.146 1.9285796781787212E-7
0.147 1.9515880600451396E-7
0.148 1.9707017151482376E-7
0.149 1.985868167686533E-7
0.15 1.9970465414687055E-7
0.151 2.0042075532522574E-7
0.152 2.0073335482706511E-7
0.153 2.006418500233309E-7
0.154 2.0014680290891818E-7
0.155 1.992499392144964E-7
0.156 1.979541530694462E-7
0.157 1.962635050034578E-7
0.158 1.9418322505515562E-7
0.159 1.917197125500536E-7
0.16 1.8888053898713508E-7
0.161 1.8567444715067438E-7
0.162 1.8211135421886127E-7
0.163 1.7820235087562253E-7
0.164 1.739597055294695E-7
0.165 1.6939686187100733E-7
0.166 1.645284426476934E-7
0.167 1.5937024944179257E-7
0.168 1.5393926533491253E-7
0.169 1.482536546859592E-7
0.17 1.4233276401931505E-7
0.171 1.3619712557755292E-7
0.172 1.2986845554507909E-7
0.173 1.2336965671266853E-7
0.174 1.1672482047586641E-7
0.175 1.0995922594680962E-7
0.176 1.030993437289851E-7
0.177 9.617283414087296E-8
0.178 8.920855076866019E-8
0.179 8.223654091032984E-8
0.18 7.528804601975025E-8
0.181 6.839550437121034E-8
0.182 6.159255083737492E-8
0.183 5.491401933177542E-8
0.184 4.839594236472067E-8
0.185 4.2075554596010534E-8
0.186 3.599129172471294E-8
0.187 3.0182792709609885E-8
0.188 2.469090154555431E-8
0.189 1.9557667485514685E-8
0.19 1.4826346372842636E-8
0.191 1.0541402417629797E-8
0.192 6.748508862841618E-9
0.193 3.4945502047634136E-9
0.194 8.276213048219461E-10
0.195 1.2029697238347126E-9
0.196 2.5466995179357355E-9
0.197 3.1518310183997755E-9
0.198 2.965409251487472E-9
0.199 1.9332624390244746E-9
0.2 4.440892098500626E-16
0.201 2.871231918888384E-9
0.202 6.639475191860811E-9
0.203 1.1245238296098137E-8
0.204 1.663025117615291E-8
0.205 2.273747057301989E-8
0.206 2.9511078469823815E-8
0.207 3.689648497839926E-8
0.208 4.4840329227469056E-8
0.209 5.32904791405997E-8
0.21 6.219603521095962E-8
0.211 7.150732961314077E-8
0.212 8.117592864564926E-8
0.213 9.11546327309054E-8
0.214 1.0139747930182352E-7
0.215 1.1185974280181199E-7
0.216 1.2249793646113005E-7
0.217 1.3326981318506625E-7
0.218 1.4413436644211686E-7
0.219 1.550518335946549E-7
0.22 1.6598369434461802E-7
0.221 1.768926729539544E-7
0.222 1.877427413532473E-7
0.223 1.984991169212691E-7
0.224 2.0912826648178395E-7
0.225 2.1959790719172645E-7
0.226 2.2987700631915686E-7
0.227 2.3993578435188567E-7
0.228 2.4974571388725053E-7
0.229 2.5927952451709757E-7
0.23 2.6851120016324614E-7
0.231 2.774159828522471E-7
0.232 2.8597037293742744E-7
0.233 2.9415213087524705E-7
0.234 3.01940277669388E-7
0.235 3.0931509775733446E-7
0.236 3.1625813812219405E-7
0.237 3.22752211179278E-7
0.238 3.2878139588632393E-7
0.239 3.3433103774349604E-7
0.24 3.393877516799648E-7
0.241 3.4393942227595176E-7
0.242 3.479752053170415E-7
0.243 3.514855297925834E-7
0.244 3.5446209722955757E-7
0.245 3.5689788524528865E-7
0.246 3.587871477694904E-7
0.247 3.6012541548835486E-7
0.248 3.6090949939726613E-7
0.249 3.611374890244434E-7
0.25 3.608087562056994E-7
0.251 3.599239564167078E-7
0.252 3.5848502766278045E-7
0.253 3.564951931434024E-7
0.254 3.539589643608565E-7
0.255 3.50882139121822E-7
0.256 3.4727180531213264E-7
0.257 3.431363408967769E-7
0.258 3.3848541547421007E-7
0.259 3.3332999183066647E-7
0.26 3.27682326828338E-7
0.261 3.215559738478646E-7
0.262 3.149657823442453E-7
0.263 3.079279000672841E-7
0.264 3.004597748379467E-7
0.265 2.9258015477040544E-7
0.266 2.843090900483958E-7
0.267 2.7566793470157336E-7
0.268 2.666793474936924E-7
0.269 2.5736729258873936E-7
0.27 2.4775704243751306E-7
0.271 2.3787517733353525E-7
0.272 2.2774958829963055E-7
0.273 2.1740947642179265E-7
0.274 2.068853570680318E-7
0.275 1.9620905811201794E-7
0.276 1.8541372281966062E-7
0.277 1.7453381206955498E-7
0.278 1.6360510302071418E-7
0.279 1.5266469333141686E-7
0.28 1.4175100027102872E-7
0.281 1.309037633845378E-7
0.282 1.2016404515868828E-7
0.283 1.0957423279833733E-7
0.284 9.917803867054431E-8
0.285 8.902050296910602E-8
0.286 7.914799393660132E-8
0.287 6.960820986279259E-8
0.288 6.045017908462569E-8
0.289 5.1724264205077475E-8
0.29 4.348215965066515E-8
0.291 3.577689677847218E-8
0.292 2.866284209979142E-8
0.293 2.2195699722615814E-8
0.294 1.6432514016173627E-8
0.295 1.1431669166839242E-8
0.296 7.252890510400789E-9
0.297 3.9572476406846135E-9
0.298 1.607154631599883E-9
0.299 2.66369371004771E-10
0.3 4.440892098500626E-16
0.301 8.51840376014934E-10
0.302 2.7763948917680636E-9
0.303 5.706858985377039E-9
0.304 9.577779680469689E-9
0.305 1.4325059805031515E-8
0.306 1.988595577095964E-8
0.307 2.619908023859807E-8
0.308 3.3204406557629795E-8
0.309 4.084326477027389E-8
0.31 4.905834583013302E-8
0.311 5.779370404468409E-8
0.312 6.699475685323364E-8
0.313 7.660828549305165E-8
0.314 8.658243833004065E-8
0.315 9.686673108078026E-8
0.316 1.0741204747866107E-7
0.317 1.1817064327068749E-7
0.318 1.2909614377498713E-7
0.319 1.4014354876579205E-7
0.32 1.5126923247343882E-7
0.321 1.624309433623239E-7
0.322 1.7358780901588489E-7
0.323 1.847003339161546E-7
0.324 1.9573040277443E-7
0.325 2.0664128275171834E-7
0.326 2.173976219044249E-7
0.327 2.2796545362524512E-7
0.328 2.383121966431645E-7
0.329 2.484066552455033E-7
0.33 2.5821902327471946E-7
0.331 2.6772088346227463E-7
0.332 2.7688520964908037E-7
0.333 2.856863683398103E-7
0.334 2.941001191469894E-7
0.335 3.0210361767757377E-7
0.336 3.0967541553295064E-7
0.337 3.167954618632507E-7
0.338 3.2344510603188326E-7
0.339 3.296070980596255E-7
0.34 3.3526558884666713E-7
0.341 3.4040613505759154E-7
0.342 3.450156957907069E-7
0.343 3.490826383512058E-7
0.344 3.525967373629868E-7
0.345 3.555491758788776E-7
0.346 3.5793254871130387E-7
0.347 3.597408617661557E-7
0.348 3.6096953448527813E-7
0.349 3.616154016228279E-7
0.35 3.616767132452736E-7
0.351 3.6115313828410933E-7
0.352 3.6004576409176536E-7
0.353 3.583570979959205E-7
0.354 3.560910704081266E-7
0.355 3.532530339356299E-7
0.356 3.4984976604590656E-7
0.357 3.4588947173119777E-7
0.358 3.4138178217624215E-7
0.359 3.3633775786690023E-7
0.36 3.3076988992242207E-7
0.361 3.246921018718041E-7
0.362 3.181197494317445E-7
0.363 3.110696242814015E-7
0.364 3.0355995361830423E-7
0.365 2.9561040193470944E-7
0.366 2.8724207412622604E-7
0.367 2.7847751371545826E-7
0.368 2.6934070773698693E-7
0.369 2.598570867373695E-7
0.37 2.500535243310509E-7
0.371 2.399583420853446E-7
0.372 2.296013090763438E-7
0.373 2.1901364233301024E-7
0.374 2.0822801105602196E-7
0.375 1.9727853617368396E-7
0.376 1.862007916741959E-7
0.377 1.7503180615996428E-7
0.378 1.6381006640031615E-7
0.379 1.5257551488900845E-7
0.38 1.4136955495125392E-7
0.381 1.302350507437211E-7
0.382 1.1921632769862356E-7
0.383 1.0835917563234432E-7
0.384 9.771085007770353E-8
0.385 8.732007161782462E-8
0.386 7.723703121520487E-8
0.387 6.751338799126927E-8
0.388 5.820227166886127E-8
0.389 4.935828634700101E-8
0.39 4.103750872452849E-8
0.391 3.329749076463884E-8
0.392 2.619726324759597E-8
0.393 1.9797333550286567E-8
0.394 1.4159689198933734E-8
0.395 9.347800755676872E-9
0.396 5.426619598125626E-9
0.397 2.462582138207381E-9
0.398 5.236120426133084E-10
0.399 3.2088132151386617E-10
0.4 2.220446049250313E-16
0.401 1.533834392830613E-9
0.402 4.230438888086496E-9
0.403 8.016314057002205E-9
0.404 1.2819454608958836E-8
0.405 1.8569351167840864E-8
0.406 2.519699182634838E-8
0.407 3.2634865476666164E-8
0.408 4.081696003410684E-8
0.409 4.96787673220922E-8
0.41 5.915728151784094E-8
0.411 6.919100292712699E-8
0.412 7.971993865041327E-8
0.413 9.068560435920858E-8
0.414 1.0203102407402298E-7
0.415 1.1370073549343829E-7
0.416 1.2564078777366205E-7
0.417 1.377987439710182E-7
0.418 1.5012368415057153E-7
0.419 1.6256620516408304E-7
0.42 1.7507842287045605E-7
0.421 1.876139741341376E-7
0.422 2.001280168251185E-7
0.423 2.125772327055131E-7
0.424 2.2491982876182703E-7
0.425 2.3711553853722478E-7
0.426 2.491256227976635E-7
0.427 2.6091287330665125E-7
0.428 2.7244161193706873E-7
0.429 2.8367769311365976E-7
0.43 2.945885064775666E-7
0.431 3.0514297622019626E-7
0.432 3.153115644138893E-7
0.433 3.250662716780539E-7
0.434 3.343806393996118E-7
0.435 3.4322975017708757E-7
0.436 3.515902304851437E-7
0.437 3.594402520068485E-7
0.438 3.66759532077765E-7
0.439 3.73529337238665E-7
0.44 3.7973248234735024E-7
0.441 3.853533341313664E-7
0.442 3.90377812298226E-7
0.443 3.9479339042358674E-7
0.444 3.9858909772760853E-7
0.445 4.017555212953994E-7
0.446 4.0428480652110466E-7
0.447 4.061706602165316E-7
0.448 4.0740835016706E-7
0.449 4.0799470868435606E-7
0.45 4.0792813238432757E-7
0.451 4.0720858529574855E-7
0.452 4.05837599526393E-7
0.453 4.0381827726143626E-7
0.454 4.0115529209572287E-7
0.455 3.9785489014398934E-7
0.456 3.9392489270539954E-7
0.457 3.893746971517231E-7
0.458 3.842152784816477E-7
0.459 3.7845919065304656E-7
0.46 3.721205694695584E-7
0.461 3.6521513258058746E-7
0.462 3.577601814797049E-7
0.463 3.4977460394713944E-7
0.464 3.412788744938666E-7
0.465 3.3229505702614404E-7
0.466 3.228468052896005E-7
0.467 3.1295936531172686E-7
0.468 3.0265957695618795E-7
0.469 2.919758743669121E-7
0.47 2.809382901869384E-7
0.471 2.695784533379708E-7
0.472 2.579295945714932E-7
0.473 2.460265453585464E-7
0.474 2.3390574011017407E-7
0.475 2.2160521884195816E-7
0.476 2.0916462717401885E-7
0.477 1.9662521966168356E-7
0.478 1.8402985935139782E-7
0.479 1.714230217775281E-7
0.48 1.5885079429622806E-7
0.481 1.4636087874997372E-7
0.482 1.340025936880096E-7
0.483 1.2182687525452707E-7
0.484 1.0988627852093202E-7
0.485 9.823497970629091E-8
0.486 8.692877728755377E-8
0.487 7.602509488613407E-8
0.488 6.558298060177492E-8
0.489 5.566311056526274E-8
0.49 4.6327790048650286E-8
0.491 3.764095524161348E-8
0.492 2.9668174139629855E-8
0.493 2.2476648764424567E-8
0.494 1.6135216940327268E-8
0.495 1.0714353626539719E-8
0.496 6.286172693492631E-9
0.497 2.9244284771579032E-9
0.498 7.045173333608545E-10
0.499 2.96520807907541E-10
0.5 1.3322676295501878E-15
0.501 1.6468899577404272E-9
0.502 4.588525559512391E-9
0.503 8.743408441702627E-9
0.504 1.4031694028915354E-8
0.505 2.037519064579385E-8
0.506 2.7697362403600323E-8
0.507 3.592333031043893E-8
0.508 4.4979874269657216E-8
0.509 5.479543374597995E-8
0.51 6.530011154026738E-8
0.511 7.642567245724763E-8
0.512 8.810554774640877E-8
0.513 1.0027483487995426E-7
0.514 1.1287030066142734E-7
0.515 1.258303814477557E-7
0.516 1.3909518647992059E-7
0.517 1.5260649766091205E-7
0.518 1.663077728863982E-7
0.519 1.8014414693290348E-7
0.52 1.940624325680318E-7
0.521 2.080111236590909E-7
0.522 2.2194039650536013E-7
0.523 2.3580210983809025E-7
0.524 2.495498083732173E-7
0.525 2.6313872458771925E-7
0.526 2.7652577827552705E-7
0.527 2.8966958165455026E-7
0.528 3.025304371462312E-7
0.529 3.150703422605261E-7
0.53 3.272529889297715E-7
0.531 3.3904376794957614E-7
0.532 3.504097680906426E-7
0.533 3.6131977765307965E-7
0.534 3.717442897954726E-7
0.535 3.8165549942625887E-7
0.536 3.9102730831075405E-7
0.537 3.9983532595933013E-7
0.538 4.08056869405371E-7
0.539 4.1567096875638754E-7
0.54 4.2265836497357157E-7
0.541 4.2900151453473256E-7
0.542 4.3468458876816385E-7
0.543 4.3969347762740085E-7
0.544 4.4401579013531034E-7
0.545 4.4764085638249185E-7
0.546 4.5055972952567913E-7
0.547 4.52765187564097E-7
0.548 4.5425173400559515E-7
0.549 4.550156011973172E-7
0.55 4.5505475121387917E-7
0.551 4.5436887741168164E-7
0.552 4.5295940664935586E-7
0.553 4.5082950017594214E-7
0.554 4.4798405673951436E-7
0.555 4.444297128092245E-7
0.556 4.401748461280164E-7
0.557 4.3522957504649185E-7
0.558 4.296057625197136E-7
0.559 4.233170165512945E-7
0.56 4.163786924138435E-7
0.561 4.08807894203278E-7
0.562 4.0062347750335903E-7
0.563 3.918460484975128E-7
0.564 3.8249796974199057E-7
0.565 3.726033577233778E-7
0.566 3.621880879656203E-7
0.567 3.5127979547411314E-7
0.568 3.3990787540183476E-7
0.569 3.2810348660206046E-7
0.57 3.158995525165409E-7
0.571 3.033307629518589E-7
0.572 2.9043357674396475E-7
0.573 2.7724622175817615E-7
0.574 2.638086979978027E-7
0.575 2.501627791584582E-7
0.576 2.3635201462646194E-7
0.577 2.2242172992292808E-7
0.578 2.0841903070056844E-7
0.579 1.943928020775587E-7
0.58 1.8039371263434134E-7
0.581 1.6647421485771474E-7
0.582 1.5268854691719014E-7
0.583 1.3909273577361603E-7
0.584 1.2574459673508898E-7
0.585 1.1270373767580111E-7
0.586 1.0003155836990629E-7
0.587 8.779125559854606E-8
0.588 7.604782026326973E-8
0.589 6.486804449146177E-8
0.59 5.4320518527717354E-8
0.591 4.4475636507002037E-8
0.592 3.540559601056259E-8
0.593 2.718439962023922E-8
0.594 1.9887858915268453E-8
0.595 1.3593593584104724E-8
0.596 8.381035643267865E-9
0.597 4.331428993253894E-9
0.598 1.527833859427119E-9
0.599 5.512545975250305E-11
0.6 1.3322676295501878E-15
0.601 1.4207210963235184E-9
0.602 4.256382135636727E-9
0.603 8.417651464753817E-9
0.604 1.3817022193052253E-8
0.605 2.0368816189275663E-8
0.606 2.7989184081533836E-8
0.607 3.6596107033659564E-8
0.608 4.6109400964056135E-8
0.609 5.64507152134297E-8
0.61 6.754353676363678E-8
0.611 7.931319090381805E-8
0.612 9.168684300675523E-8
0.613 1.0459350141545087E-7
0.614 1.1796401810926227E-7
0.615 1.3173109114639203E-7
0.616 1.4582926577411115E-7
0.617 1.6019493864760648E-7
0.618 1.7476635560953468E-7
0.619 1.894836181293158E-7
0.62 2.0428868063859795E-7
0.621 2.191253569705509E-7
0.622 2.3393931769533083E-7
0.623 2.486780963373292E-7
0.624 2.632910867106375E-7
0.625 2.7772954935834093E-7
0.626 2.9194660933207217E-7
0.627 3.058972612990374E-7
0.628 3.195383699861054E-7
0.629 3.328286704018524E-7
0.63 3.4572877383176603E-7
0.631 3.582011656177997E-7
0.632 3.702102093772197E-7
0.633 3.8172214811282856E-7
0.634 3.9270510621136623E-7
0.635 4.0312909077577785E-7
0.636 4.1296599562201664E-7
0.637 4.2218959905859776E-7
0.638 4.30775570325892E-7
0.639 4.3870146937408094E-7
0.64 4.459467479733803E-7
0.641 4.524927530447087E-7
0.642 4.583227273258217E-7
0.643 4.634218129240253E-7
0.644 4.677770510941315E-7
0.645 4.7137738645730565E-7
0.646 4.742136672231112E-7
0.647 4.762786467438218E-7
0.648 4.775669881773581E-7
0.649 4.780752624888862E-7
0.65 4.778019535578437E-7
0.651 4.767474581779396E-7
0.652 4.749140893878234E-7
0.653 4.7230607780335276E-7
0.654 4.689295716175934E-7
0.655 4.647926425960236E-7
0.656 4.599052847442664E-7
0.657 4.542794171946696E-7
0.658 4.4792888620470706E-7
0.659 4.4086946693333573E-7
0.66 4.3311886566144153E-7
0.661 4.2469672134615166E-7
0.662 4.1562460806332524E-7
0.663 4.0592603611777633E-7
0.664 3.956264547078092E-7
0.665 3.847532537015752E-7
0.666 3.733357656354741E-7
0.667 3.6140526726846645E-7
0.668 3.4899498246865335E-7
0.669 3.361400813250981E-7
0.67 3.228776876973427E-7
0.671 3.0924687499656045E-7
0.672 2.9528867173667095E-7
0.673 2.810460628666078E-7
0.674 2.6656399154667554E-7
0.675 2.51889360480817E-7
0.676 2.3707103458114887E-7
0.677 2.2215984296636293E-7
0.678 2.0720858073808301E-7
0.679 1.922720116454002E-7
0.68 1.7740686786282822E-7
0.681 1.626718548752848E-7
0.682 1.4812765081195778E-7
0.683 1.3383691066515269E-7
0.684 1.198642671784711E-7
0.685 1.0627633240112289E-7
0.686 9.31417001304169E-8
0.687 8.053094879834077E-8
0.688 6.851664102747179E-8
0.689 5.717332918209195E-8
0.69 4.657755425796495E-8
0.691 3.6807848324826864E-8
0.692 2.7944738523189017E-8
0.693 2.0070746398204165E-8
0.694 1.3270392340558601E-8
0.695 7.630196918739784E-9
0.696 3.238679990857918E-9
0.697 1.8636692189488713E-10
0.698 1.4342118603849485E-9
0.699 1.5285164245426586E-9
0.7 4.440892098500626E-16
0.701 3.215899546660239E-9
0.702 8.049759969708248E-9
0.703 1.4400177050788443E-8
0.704 2.216776406882559E-8
0.705 3.1255153576381645E-8
0.706 4.1567000952369426E-8
0.707 5.300998529023104E-8
0.708 6.549281073020552E-8
0.709 7.892620912386406E-8
0.71 9.322294403091291E-8
0.711 1.0829780849874737E-7
0.712 1.2406763216787908E-7
0.713 1.4045127949557923E-7
0.714 1.5736965108814616E-7
0.715 1.7474569169451115E-7
0.716 1.925043844330787E-7
0.717 2.1057275922942154E-7
0.718 2.2887989103992368E-7
0.719 2.47356902960405E-7
0.72 2.659369680024781E-7
0.721 2.845553135344403E-7
0.722 3.031492195049168E-7
0.723 3.216580233278421E-7
0.724 3.400231198824599E-7
0.725 3.581879655101261E-7
0.726 3.7609807979066545E-7
0.727 3.937010450982825E-7
0.728 4.10946513706989E-7
0.729 4.277862029056223E-7
0.73 4.4417390343554075E-7
0.731 4.6006547904653416E-7
0.732 4.754188673850024E-7
0.733 4.901940844348474E-7
0.734 5.043532240733839E-7
0.735 5.17860462956321E-7
0.736 5.306820600736728E-7
0.737 5.427863607465611E-7
0.738 5.541437966272156E-7
0.739 5.647268901398661E-7
0.74 5.745102553689208E-7
0.741 5.834706002794121E-7
0.742 5.915867276051756E-7
0.743 5.988395397338309E-7
0.744 6.052120378186032E-7
0.745 6.106893257751267E-7
0.746 6.152586129459792E-7
0.747 6.18909213212504E-7
0.748 6.216325498797914E-7
0.749 6.234221574530352E-7
0.75 6.242736820816219E-7
0.751 6.241848860000232E-7
0.752 6.231556479718847E-7
0.753 6.21187964622294E-7
0.754 6.1828595621094E-7
0.755 6.144558644116671E-7
0.756 6.097060567533674E-7
0.757 6.040470301726941E-7
0.758 5.974914083495264E-7
0.759 5.90053949256486E-7
0.76 5.817515433825804E-7
0.761 5.72603218618184E-7
0.762 5.626301393668598E-7
0.763 5.518556127626084E-7
0.764 5.403050860053327E-7
0.765 5.28006153466265E-7
0.766 5.149885544675215E-7
0.767 5.012841781670829E-7
0.768 4.869270644469736E-7
0.769 4.719534074659748E-7
0.77 4.564015552155354E-7
0.771 4.4031201484884264E-7
0.772 4.237274526808221E-7
0.773 4.0669269640858374E-7
0.774 3.892547391082246E-7
0.775 3.7146273834665067E-7
0.776 3.5336802151064717E-7
0.777 3.350240866950571E-7
0.778 3.164866031468705E-7
0.779 2.9781341703838393E-7
0.78 2.7906455057902235E-7
0.781 2.603022051239634E-7
0.782 2.4159076428276194E-7
0.783 2.2299679436343922E-7
0.784 2.045890479251966E-7
0.785 1.864384659988616E-7
0.786 1.6861817986324468E-7
0.787 1.512035114892285E-7
0.788 1.342719806451953E-7
0.789 1.1790330045613473E-7
0.79 1.0217938495316048E-7
0.791 8.718434907351025E-8
0.792 7.300451176917022E-8
0.793 5.972839600687507E-8
0.794 4.744673365308927E-8
0.795 3.625246725036391E-8
0.796 2.6240749129158303E-8
0.797 1.750894895735655E-8
0.798 1.015665151982148E-8
0.799 4.285660271108327E-9
0.8 8.881784197001252E-16
0.801 2.629545914345499E-9
0.802 3.6718361684506817E-9
0.803 3.2289664275708674E-9
0.804 1.4008043613955579E-9
0.805 1.7150179054681303E-9
0.806 6.023099796692577E-9
0.807 1.1430279833746226E-8
0.808 1.7845632083179908E-8
0.809 2.5180475038411032E-8
0.81 3.3348369843366754E-8
0.811 4.226512295701923E-8
0.812 5.184878659747483E-8
0.813 6.201966762375832E-8
0.814 7.270032176265318E-8
0.815 8.381556071412888E-8
0.816 9.52924534836086E-8
0.817 1.0706032682605837E-7
0.818 1.1905077013096843E-7
0.819 1.311976363105316E-7
0.82 1.434370440200894E-7
0.821 1.5570737987857797E-7
0.822 1.679493015771527E-7
0.823 1.8010573921145578E-7
0.824 1.9212189883432984E-7
0.825 2.039452620117288E-7
0.826 2.1552559070769917E-7
0.827 2.268149303930045E-7
0.828 2.3776760826876853E-7
0.829 2.4834023859554577E-7
0.83 2.584917262460351E-7
0.831 2.681832644846338E-7
0.832 2.773783416287756E-7
0.833 2.860427410489308E-7
0.834 2.9414454338905216E-7
0.835 3.01654130563378E-7
0.836 3.0854418664461036E-7
0.837 3.147897009725398E-7
0.838 3.203679690422234E-7
0.839 3.252585956126097E-7
0.84 3.29443498259252E-7
0.841 3.3290690870657613E-7
0.842 3.356353737160589E-7
0.843 3.3761775997120935E-7
0.844 3.388452540775688E-7
0.845 3.39311367003603E-7
0.846 3.390119354129695E-7
0.847 3.379451225526964E-7
0.848 3.3611142358225266E-7
0.849 3.335136655735482E-7
0.85 3.301570106195584E-7
0.851 3.2604895716659144E-7
0.852 3.2119934578744846E-7
0.853 3.1562035696097723E-7
0.854 3.093265155129643E-7
0.855 3.0233469416884873E-7
0.856 2.94664113553722E-7
0.857 2.8633634618913106E-7
0.858 2.7737531826943496E-7
0.859 2.6780731277042946E-7
0.86 2.576609690052578E-7
0.861 2.4696728928574885E-7
0.862 2.3575963892241703E-7
0.863 2.2407374666855162E-7
0.864 2.1194771138155488E-7
0.865 1.9942200157885281E-7
0.866 1.8653945810243044E-7
0.867 1.7334529589518866E-7
0.868 1.5988711021819313E-7
0.869 1.4621487265387145E-7
0.87 1.323809390996189E-7
0.871 1.1844004932370922E-7
0.872 1.044493300739191E-7
0.873 9.046829685388502E-8
0.874 7.655885836399534E-8
0.875 6.278531516912267E-8
0.876 4.9214365915872804E-8
0.877 3.591510777667395E-8
0.878 2.2959040002490383E-8
0.879 1.0420063922822465E-8
0.88 1.6255135015796895E-9
0.881 1.3098973461467267E-8
0.882 2.391918973998486E-8
0.883 3.400262027497547E-8
0.884 4.326331026760499E-8
0.885 5.1612883744667215E-8
0.886 5.896054577902987E-8
0.887 6.521307716056413E-8
0.888 7.027483617250141E-8
0.889 7.404774970964922E-8
0.89 7.643131683110482E-8
0.891 7.732260121073864E-8
0.892 7.66162360221756E-8
0.893 7.420441239247566E-8
0.894 6.997688339893671E-8
0.895 6.382096007229165E-8
0.896 5.562150606763794E-8
0.897 4.5260941217151185E-8
0.898 3.261923398056865E-8
0.899 1.7573899668832382E-8
0.9 8.881784197001252E-16
0.901 2.0182800319901162E-8
0.902 4.2869050975724576E-8
0.903 6.790870177297847E-8
0.904 9.515416854455339E-8
0.905 1.2446033403890056E-7
0.906 1.5568454969638879E-7
0.907 1.8868663964610732E-7
0.908 2.233289024822227E-7
0.909 2.5947611215215716E-7
0.91 2.9699552372974836E-7
0.911 3.357568734152494E-7
0.912 3.756323816439533E-7
0.913 4.164967566389066E-7
0.914 4.582271930786419E-7
0.915 5.00703381423051E-7
0.916 5.438075039165824E-7
0.917 5.874242399173113E-7
0.918 6.314407676732969E-7
0.919 6.757467692075636E-7
0.92 7.202344276535655E-7
0.921 7.647984361369708E-7
0.922 8.093359942229483E-7
0.923 8.537468154656835E-7
0.924 8.979331269642898E-7
0.925 9.417996724714328E-7
0.926 9.852537155019547E-7
0.927 1.0282050397769638E-6
0.928 1.0705659563292613E-6
0.929 1.112251301282896E-6
0.93 1.153178440294056E-6
0.931 1.1932672707715142E-6
0.932 1.232440224985254E-6
0.933 1.2706222731750927E-6
0.934 1.3077409239947713E-6
0.935 1.3437262280646678E-6
0.936 1.378510781080422E-6
0.937 1.4120297269215598E-6
0.938 1.4442207585396716E-6
0.939 1.4750241188465907E-6
0.94 1.5043826095961776E-6
0.941 1.5322415873875173E-6
0.942 1.5585489703262567E-6
0.943 1.5832552375805165E-6
0.944 1.6063134342658714E-6
0.945 1.6276791727776185E-6
0.946 1.6473106358994016E-6
0.947 1.6651685803559246E-6
0.948 1.6812163359247734E-6
0.949 1.6954198129859321E-6
0.95 1.7077474998572484E-6
0.951 1.7181704698998601E-6
0.952 1.7266623815181958E-6
0.953 1.7331994812685991E-6
0.954 1.7377606074120422E-6
0.955 1.740327189914126E-6
0.956 1.7408832562182397E-6
0.957 1.7394154325778288E-6
0.958 1.7359129462768408E-6
0.959 1.730367627406082E-6
0.96 1.7227739150804666E-6
0.961 1.7131288543303924E-6
0.962 1.7014321027630785E-6
0.963 1.687685935447547E-6
0.964 1.6718952395855524E-6
0.965 1.6540675251697223E-6
0.966 1.634212922763112E-6
0.967 1.6123441897164525E-6
0.968 1.5884767075036166E-6
0.969 1.56262849149158E-6
0.97 1.5348201869436195E-6
0.971 1.5050750743483832E-6
0.972 1.4734190738607822E-6
0.973 1.4398807457460805E-6
0.974 1.4044912930444298E-6
0.975 1.3672845642354048E-6
0.976 1.3282970576788955E-6
0.977 1.2875679211710178E-6
0.978 1.2451389581613626E-6
0.979 1.2010546273089062E-6
0.98 1.1553620460347247E-6
0.981 1.1081109958510638E-6
0.982 1.0593539192527146E-6
0.983 1.0091459299310657E-6
0.984 9.575448074450321E-7
0.985 9.046110065469293E-7
0.986 8.504076549620265E-7
0.987 7.950005609380639E-7
0.988 7.384582110248061E-7
0.989 6.808517749590237E-7
0.99 6.22255109661296E-7
0.991 5.627447601241897E-7
0.992 5.023999629649722E-7
0.993 4.41302646425612E-7
0.994 3.795374374782057E-7
0.995 3.171916640454242E-7
0.996 2.5435535100371E-7
0.997 1.911212330618639E-7
0.998 1.2758475032015326E-7
0.999 6.384405182302544E-8
1.0 8.881784197001252E-16
