0.0 0.0
0.001 1.9404468809547382E-7
0.002 3.8051985007392375E-7
0.003 5.595619765319526E-7
0.004 7.313065550906828E-7
0.005 8.958880710618899E-7
0.006 1.0534400052275572E-6
0.007 1.2040948342839641E-6
0.008 1.3479840275110178E-6
0.009 1.485238048770654E-6
0.01 1.6159863522879903E-6
0.011 1.7403573842056375E-6
0.012 1.8584785805852988E-6
0.013 1.9704763662975466E-6
0.014 2.076476154133644E-6
0.015 2.1766023434732773E-6
0.016 2.270978320062511E-6
0.017 2.359726454681521E-6
0.018 2.4429681011461923E-6
0.019 2.5208235967522086E-6
0.02 2.593412261164829E-6
0.021 2.660852393532309E-6
0.022 2.7232612740402118E-6
0.023 2.78075516013665E-6
0.024 2.833449289196821E-6
0.025 2.881457873638027E-6
0.026 2.924894101807851E-6
0.027 2.9638701373180254E-6
0.028 2.9984971170460284E-6
0.029 3.028885150913041E-6
0.03 3.0551433194414557E-6
0.031 3.077379675087144E-6
0.032 3.0957012391308325E-6
0.033 3.1102140007899237E-6
0.034 3.1210229178846305E-6
0.035 3.1282319141734405E-6
0.036 3.131943878909027E-6
0.037 3.1322606650618923E-6
0.038 3.1292830906526348E-6
0.039 3.123110934089013E-6
0.04 3.1138429359423014E-6
0.041 3.1015767969488905E-6
0.042 3.0864091769000623E-6
0.043 3.068435694197902E-6
0.044 3.0477509238568956E-6
0.045 3.0244483970598424E-6
0.046 2.99862060004763E-6
0.047 2.9703589732310576E-6
0.048 2.9397539089703884E-6
0.049 2.9068947533517075E-6
0.05 2.87186980174603E-6
0.051 2.8347662996974776E-6
0.052 2.7956704413689693E-6
0.053 2.754667369320174E-6
0.054 2.711841171842977E-6
0.055 2.6672748831835236E-6
0.056 2.6210504822099523E-6
0.057 2.573248890858082E-6
0.058 2.523949974131412E-6
0.059 2.4732325376586317E-6
0.06 2.4211743276936204E-6
0.061 2.3678520297831795E-6
0.062 2.3133412674347653E-6
0.063 2.2577166016723993E-6
0.064 2.2010515292603117E-6
0.065 2.1434184809265844E-6
0.066 2.084888823583597E-6
0.067 2.025532854998957E-6
0.068 1.9654198057939E-6
0.069 1.9046178365567101E-6
0.07 1.843194038064766E-6
0.071 1.7812144295081822E-6
0.072 1.7187439576016317E-6
0.073 1.6558464950300333E-6
0.074 1.592584840448552E-6
0.075 1.529020716706242E-6
0.076 1.4652147695137785E-6
0.077 1.401226566777325E-6
0.078 1.3371145977103538E-6
0.079 1.2729362708352454E-6
0.08 1.2087479146494218E-6
0.081 1.1446047742946774E-6
0.082 1.080561012445358E-6
0.083 1.0166697068658692E-6
0.084 9.529828504106774E-7
0.085 8.895513488038631E-7
0.086 8.264250201950318E-7
0.087 7.636525949372697E-7
0.088 7.012817120344295E-7
0.089 6.393589209174877E-7
0.09 5.779296785579646E-7
0.091 5.170383488017904E-7
0.092 4.567282014811269E-7
0.093 3.9704141019392125E-7
0.094 3.380190545243522E-7
0.095 2.7970111360353656E-7
0.096 2.221264701063319E-7
0.097 1.653329064765785E-7
0.098 1.0935710403892074E-7
0.099 5.423464322085181E-8
0.1 0.0
0.101 5.331345209746985E-8
0.102 1.0567344643774845E-7
0.103 1.5704882083689142E-7
0.104 2.0740952155762216E-7
0.105 2.5672660375342105E-7
0.106 3.049722314685255E-7
0.107 3.521196791922421E-7
0.108 3.981433336353035E-7
0.109 4.430186948400916E-7
0.11 4.867223759585926E-7
0.111 5.292321063610217E-7
0.112 5.705267314137785E-7
0.113 6.105862127014916E-7
0.114 6.493916322458659E-7
0.115 6.869251902852369E-7
0.116 7.231702083831948E-7
0.117 7.581111296506293E-7
0.118 7.917335207441312E-7
0.119 8.240240716439473E-7
0.12 8.549705983185163E-7
0.121 8.845620427244683E-7
0.122 9.127884743609371E-7
0.123 9.396410916018283E-7
0.124 9.651122219178632E-7
0.125 9.891953243190699E-7
0.126 1.011884990020917E-6
0.127 1.0331769422222692E-6
0.128 1.0530680401021897E-6
0.129 1.0715562765994946E-6
0.13 1.088640782187511E-6
0.131 1.1043218246520325E-6
0.132 1.118600810867676E-6
0.133 1.131480287464015E-6
0.134 1.1429639423798932E-6
0.135 1.1530566055295566E-6
0.136 1.1617642501349223E-6
0.137 1.1690939947239798E-6
0.138 1.1750541029087458E-6
0.139 1.179653984939577E-6
0.14 1.1829041990374378E-6
0.141 1.1848164531702565E-6
0.142 1.1854036057190598E-6
0.143 1.1846796650338831E-6
0.144 1.1826597932085292E-6
0.145 1.1793603063026126E-6
0.146 1.174798674563604E-6
0.147 1.1689935246472771E-6
0.148 1.1619646400617967E-6
0.149 1.1537329627220316E-6
0.15 1.1443205947259116E-6
0.151 1.1337507981323824E-6
0.152 1.1220479969598074E-6
0.153 1.1092377778521012E-6
0.154 1.095346893409399E-6
0.155 1.0804032588573875E-6
0.156 1.064435958042509E-6
0.157 1.0474752416556043E-6
0.158 1.0295525285641816E-6
0.159 1.0107004091430838E-6
0.16 9.909526439422223E-7
0.161 9.703441656849776E-7
0.162 9.489110810445567E-7
0.163 9.26690671532171E-7
0.164 9.037213943852151E-7
0.165 8.800428832334006E-7
0.166 8.556959507632911E-7
0.167 8.307225882742131E-7
0.168 8.051659687868806E-7
0.169 7.790704465993059E-7
0.17 7.524815577308885E-7
0.171 7.25446024141263E-7
0.172 6.980117519539419E-7
0.173 6.702278341208512E-7
0.174 6.421445513105084E-7
0.175 6.138133727962014E-7
0.176 5.852869586764342E-7
0.177 5.566191592087932E-7
0.178 5.278650179185718E-7
0.179 4.9908077159877E-7
0.18 4.7032385186440706E-7
0.181 4.4165288648478906E-7
0.182 4.131277004937317E-7
0.183 3.848093168556943E-7
0.184 3.567599589082704E-7
0.185 3.2904305036218773E-7
0.186 3.0172321707766514E-7
0.187 2.7486628750850173E-7
0.188 2.4853929558865673E-7
0.189 2.228104805102049E-7
0.19 1.97749287611515E-7
0.191 1.7342637148587414E-7
0.192 1.4991359464922027E-7
0.193 1.272840313149004E-7
0.194 1.056119662834476E-7
0.195 8.497289805120545E-8
0.196 6.544353881032805E-8
0.197 4.710181622513687E-8
0.198 3.002687476438837E-8
0.199 1.4299075701273978E-8
0.2 4.440892098500626E-16
0.201 1.2812847671739291E-8
0.202 2.4181923574673192E-8
0.203 3.417375982195381E-8
0.204 4.285366239642485E-8
0.205 5.028571359311229E-8
0.206 5.653276913264449E-8
0.207 6.165645705102918E-8
0.208 6.571717636738583E-8
0.209 6.877409708394566E-8
0.21 7.088515663333794E-8
0.211 7.210706054472382E-8
0.212 7.249528177766251E-8
0.213 7.21040567253084E-8
0.214 7.098638610258945E-8
0.215 6.919403428007342E-8
0.216 6.677752573125417E-8
0.217 6.378614503255164E-8
0.218 6.026793708535649E-8
0.219 5.626970267513798E-8
0.22 5.183700046984541E-8
0.221 4.701414346719446E-8
0.222 4.1844198772622576E-8
0.223 3.636898582293213E-8
0.224 3.062907638629042E-8
0.225 2.4663791675649804E-8
0.226 1.8511202126703097E-8
0.227 1.2208125399482128E-8
0.228 5.7901263783577406E-9
0.229 7.084854924954698E-10
0.23 7.254656875232968E-9
0.231 1.3816591204474094E-8
0.232 2.0363751351837323E-8
0.233 2.686685940389566E-8
0.234 3.3297898660578085E-8
0.235 3.963011496743718E-8
0.236 4.583801782587216E-8
0.237 5.189738105926267E-8
0.238 5.778524614363789E-8
0.239 6.347992020927506E-8
0.24 6.89609804815916E-8
0.241 7.420927294887747E-8
0.242 7.920691613705344E-8
0.243 8.39373002214927E-8
0.244 8.838508924746691E-8
0.245 9.253622246241378E-8
0.246 9.637791587024935E-8
0.247 9.989866245341261E-8
0.248 1.0308823417126689E-7
0.249 1.0593768373645673E-7
0.25 1.0843934417081869E-7
0.251 1.1058683302422878E-7
0.252 1.1237505082029031E-7
0.253 1.1380018216655685E-7
0.254 1.1485970041746896E-7
0.255 1.1555236612004194E-7
0.256 1.1587822834613348E-7
0.257 1.1583862691288971E-7
0.258 1.15436194159102E-7
0.259 1.146748542790732E-7
0.26 1.1355982665328668E-7
0.261 1.1209762607045093E-7
0.262 1.1029606405976722E-7
0.263 1.081642502231972E-7
0.264 1.0571259467795358E-7
0.265 1.0295280716832167E-7
0.266 9.989790039632851E-8
0.267 9.656218957765361E-8
0.268 9.296129643843187E-8
0.269 8.911214588458449E-8
0.27 8.503297332929094E-8
0.271 8.074332069618606E-8
0.272 7.626404063820758E-8
0.273 7.161729698168529E-8
0.274 6.68265660586087E-8
0.275 6.19166384829839E-8
0.276 5.691361937287809E-8
0.277 5.1844931236999514E-8
0.278 4.673931353060823E-8
0.279 4.162682598618517E-8
0.28 3.653884728116452E-8
0.281 3.1508079478825834E-8
0.282 2.6568546696026374E-8
0.283 2.17555982118256E-8
0.284 1.710590868952977E-8
0.285 1.2657479508959568E-8
0.286 8.449641653029971E-9
0.287 4.523054819571826E-9
0.288 9.197098638225043E-10
0.289 2.3170692031726503E-9
0.29 5.142625436604931E-9
0.291 7.5109660713224E-9
0.292 9.374762521829894E-9
0.293 1.0685348161842967E-8
0.294 1.1392716992020269E-8
0.295 1.1445523862008145E-8
0.296 1.0791079363414724E-8
0.297 9.375353382523599E-9
0.298 7.142970215312516E-9
0.299 4.037209011542586E-9
0.3 2.220446049250313E-16
0.301 5.006912440208566E-9
0.302 1.0938495886847477E-8
0.303 1.7729906209851265E-8
0.304 2.5317655083512136E-8
0.305 3.363960643376629E-8
0.306 4.263497799250615E-8
0.307 5.224434729278471E-8
0.308 6.240964789405723E-8
0.309 7.307417293489493E-8
0.31 8.418257602116341E-8
0.311 9.56808734464687E-8
0.312 1.0751644485829104E-7
0.313 1.1963803392411876E-7
0.314 1.319957514400727E-7
0.315 1.445410753309062E-7
0.316 1.5722685176022821E-7
0.317 1.7000729868321685E-7
0.318 1.8283800429230723E-7
0.319 1.9567592990377136E-7
0.32 2.0847941262225334E-7
0.321 2.2120816334236792E-7
0.322 2.3382327096754807E-7
0.323 2.462872035202679E-7
0.324 2.585638076979535E-7
0.325 2.706183126477413E-7
0.326 2.8241732952238863E-7
0.327 2.9392885325663087E-7
0.328 3.0512226478762727E-7
0.329 3.1596833149905024E-7
0.33 3.2643920899744217E-7
0.331 3.365084426665277E-7
0.332 3.461509687774367E-7
0.333 3.553431158209719E-7
0.334 3.640626060619212E-7
0.335 3.7228855731541444E-7
0.336 3.80001483168968E-7
0.337 3.8718329564702003E-7
0.338 3.9381730609910903E-7
0.339 3.998882269762305E-7
0.34 4.05382171830837E-7
0.341 4.1028665909159656E-7
0.342 4.145906105090802E-7
0.343 4.1828435581869883E-7
0.344 4.213596318525248E-7
0.345 4.2380958431564864E-7
0.346 4.2562876956253604E-7
0.347 4.2681315637338457E-7
0.348 4.273601266202576E-7
0.349 4.2726847704344095E-7
0.35 4.2653842058371083E-7
0.351 4.251715881586904E-7
0.352 4.2317102910693905E-7
0.353 4.2054121363044317E-7
0.354 4.1728803457097285E-7
0.355 4.1341880607781434E-7
0.356 4.089422691588851E-7
0.357 4.03868589904377E-7
0.358 3.9820936237333626E-7
0.359 3.919776097038863E-7
0.36 3.8518778500140627E-7
0.361 3.7785577400306636E-7
0.362 3.699988952998723E-7
0.363 3.616359025571114E-7
0.364 3.5278698495844196E-7
0.365 3.434737698704282E-7
0.366 3.337193241748082E-7
0.367 3.235481540464491E-7
0.368 3.1298620895015006E-7
0.369 3.0206088075246385E-7
0.37 2.908010070523659E-7
0.371 2.7923687029307587E-7
0.372 2.674002024249944E-7
0.373 2.5532418290730163E-7
0.374 2.430434435929385E-7
0.375 2.3059406695224993E-7
0.376 2.180135898477431E-7
0.377 2.0534100353408746E-7
0.378 1.9261675587856075E-7
0.379 1.7988275291536127E-7
0.38 1.6718235995583086E-7
0.381 1.545604033648118E-7
0.382 1.4206317100473598E-7
0.383 1.2973841512220474E-7
0.384 1.1763535323616736E-7
0.385 1.0580466902609942E-7
0.386 9.429851477449347E-8
0.387 8.317051225503747E-8
0.388 7.247575406488238E-8
0.389 6.227080606713287E-8
0.39 5.261370761289186E-8
0.391 4.356397331761741E-8
0.392 3.518259528156875E-8
0.393 2.7532043755940094E-8
0.394 2.0676269141262082E-8
0.395 1.468070331966942E-8
0.396 9.612260765123892E-9
0.397 5.539340319771213E-9
0.398 2.5318271923424618E-9
0.399 6.610938463325056E-10
0.4 4.440892098500626E-16
0.401 5.976246164607346E-10
0.402 2.4034354506596856E-9
0.403 5.343121944889617E-9
0.404 9.34386656936681E-9
0.405 1.4334350373346183E-8
0.406 2.02447487662738E-8
0.407 2.7006739289348047E-8
0.408 3.455349961711818E-8
0.409 4.281970933384116E-8
0.41 5.174155126574931E-8
0.411 6.125671569989777E-8
0.412 7.130439660940624E-8
0.413 8.182529964706475E-8
0.414 9.276163703830775E-8
0.415 1.0405713513073067E-7
0.416 1.1565703172955466E-7
0.417 1.2750807876216186E-7
0.418 1.3955854494263065E-7
0.419 1.5175821621582486E-7
0.42 1.640583964235276E-7
0.421 1.764119110791995E-7
0.422 1.8877310759002341E-7
0.423 2.0109785570099348E-7
0.424 2.1334355149171813E-7
0.425 2.2546911648824164E-7
0.426 2.3743500099371317E-7
0.427 2.4920318542065445E-7
0.428 2.607371794027813E-7
0.429 2.720020273461188E-7
0.43 2.829643064305998E-7
0.431 2.9359213038482324E-7
0.432 3.03855149041965E-7
0.433 3.137245527806698E-7
0.434 3.231730707486946E-7
0.435 3.32174975081756E-7
0.436 3.4070608045944084E-7
0.437 3.4874374743587566E-7
0.438 3.5626688177359256E-7
0.439 3.632559386623768E-7
0.44 3.696929218310885E-7
0.441 3.75561387100376E-7
0.442 3.808464421606317E-7
0.443 3.8553474968061607E-7
0.444 3.8961452752950265E-7
0.445 3.9307555144141304E-7
0.446 3.959091554595062E-7
0.447 3.981082352666476E-7
0.448 3.996672468531415E-7
0.449 4.0058221162375673E-7
0.45 4.0085071506545944E-7
0.451 4.00471909411948E-7
0.452 3.994465160861438E-7
0.453 3.9777682547814663E-7
0.454 3.9546669960977E-7
0.455 3.925215739108978E-7
0.456 3.88948458107663E-7
0.457 3.8475593799880414E-7
0.458 3.799541776761117E-7
0.459 3.745549199685172E-7
0.46 3.685714886625391E-7
0.461 3.620187905006844E-7
0.462 3.5491331606962717E-7
0.463 3.4727314091043127E-7
0.464 3.3911792929330886E-7
0.465 3.304689324412635E-7
0.466 3.2134899452529453E-7
0.467 3.1178254866759403E-7
0.468 3.0179562449106356E-7
0.469 2.914158443445558E-7
0.47 2.806724292980789E-7
0.471 2.695961978105288E-7
0.472 2.5821956861626916E-7
0.473 2.4657656183535437E-7
0.474 2.3470280141602018E-7
0.475 2.2263551513468371E-7
0.476 2.1041353748252334E-7
0.477 1.980773118859247E-7
0.478 1.8566889048443613E-7
0.479 1.732319365732593E-7
0.48 1.6081172660165066E-7
0.481 1.4845515150518906E-7
0.482 1.3621071848213262E-7
0.483 1.241285521036417E-7
0.484 1.1226039564604662E-7
0.485 1.0065961486560582E-7
0.486 8.938119644419373E-8
0.487 7.848175265223745E-8
0.488 6.801952046053827E-8
0.489 5.805436509298545E-8
0.49 4.8647779804511515E-8
0.491 3.986288965585061E-8
0.492 3.1764451291493856E-8
0.493 2.4418855826269237E-8
0.494 1.7894129733520003E-8
0.495 1.2259935955327705E-8
0.496 7.587577677270474E-9
0.497 3.949998106378416E-9
0.498 1.4217815813566403E-9
0.499 7.915756938814411E-11
0.5 1.3322676295501878E-15
0.501 1.2366567769817038E-9
0.502 3.73443875822943E-9
0.503 7.413130775901777E-9
0.504 1.2194170118107195E-8
0.505 1.800064852730543E-8
0.506 2.4757313088485944E-8
0.507 3.239056778348015E-8
0.508 4.0828474823229044E-8
0.509 5.000075753436306E-8
0.51 5.98388010253359E-8
0.511 7.027565307460293E-8
0.512 8.124602790537949E-8
0.513 9.268630574155168E-8
0.514 1.0453453658243461E-7
0.515 1.1673043975868325E-7
0.516 1.2921540681887222E-7
0.517 1.419325028617635E-7
0.518 1.5482646897879704E-7
0.519 1.6784372247613533E-7
0.52 1.8093235931715412E-7
0.521 1.9404215589879925E-7
0.522 2.0712457193816647E-7
0.523 2.2013274869614463E-7
0.524 2.33021513862397E-7
0.525 2.4574738244353966E-7
0.526 2.5826855809540916E-7
0.527 2.7054493512146394E-7
0.528 2.8253809913891814E-7
0.529 2.942113304094107E-7
0.53 3.0552960406105E-7
0.531 3.164595936411274E-7
0.532 3.26969670227939E-7
0.533 3.3702990642758834E-7
0.534 3.466120770401204E-7
0.535 3.556896606138338E-7
0.536 3.642378409995928E-7
0.537 3.722335113476305E-7
0.538 3.796552716650581E-7
0.539 3.8648343414493525E-7
0.54 3.927000238324041E-7
0.541 3.9828877906877835E-7
0.542 4.032351546001678E-7
0.543 4.075263229097459E-7
0.544 4.111511764381959E-7
0.545 4.1410032780575534E-7
0.546 4.163661129208407E-7
0.547 4.179425929784486E-7
0.548 4.188255546822006E-7
0.549 4.190125129088784E-7
0.55 4.1850271270682526E-7
0.551 4.17297130406169E-7
0.552 4.1539847561722354E-7
0.553 4.1281119256275645E-7
0.554 4.0954146252047963E-7
0.555 4.0559720559940615E-7
0.556 4.009880818500733E-7
0.557 3.957254925968101E-7
0.558 3.8982258443454043E-7
0.559 3.832942472303813E-7
0.56 3.761571201188474E-7
0.561 3.684295890593603E-7
0.562 3.601317932755421E-7
0.563 3.5128562170250177E-7
0.564 3.419147196481731E-7
0.565 3.320444867949135E-7
0.566 3.2170208164039593E-7
0.567 3.109164210535198E-7
0.568 2.997181844932584E-7
0.569 2.881398128984358E-7
0.57 2.7621551290657465E-7
0.571 2.6398125729798494E-7
0.572 2.514747876602996E-7
0.573 2.3873561438847446E-7
0.574 2.2580502068159092E-7
0.575 2.1272606387512383E-7
0.576 1.9954357477480755E-7
0.577 1.8630416342979572E-7
0.578 1.7305621691221518E-7
0.579 1.598499044241919E-7
0.58 1.4673717663171715E-7
0.581 1.3377176966145043E-7
0.582 1.2100920399049642E-7
0.583 1.0850678933138624E-7
0.584 9.632362463207755E-8
0.585 8.452060007435591E-8
0.586 7.316039907223626E-8
0.587 6.230749982627515E-8
0.588 5.2028177988105995E-8
0.589 4.239050688248369E-8
0.59 3.346436128204289E-8
0.591 2.5321416963208776E-8
0.592 1.8035154925044594E-8
0.593 1.1680860501073198E-8
0.594 6.335628244258373E-9
0.595 2.078361038826415E-9
0.596 1.0102267911094032E-9
0.597 2.8476074831473852E-9
0.598 3.349439614552807E-9
0.599 2.429562995232004E-9
0.6 1.5543122344752192E-15
0.601 3.997862707549871E-9
0.602 9.49973144592775E-9
0.603 1.641195490620362E-8
0.604 2.464270609792152E-8
0.605 3.410198567976863E-8
0.606 4.4701624624110536E-8
0.607 5.6355283772902E-8
0.608 6.897845805653446E-8
0.609 8.248847760405909E-8
0.61 9.680450840932053E-8
0.611 1.1184755521753686E-7
0.612 1.2754046396779017E-7
0.613 1.43807921570982E-7
0.614 1.6057646079481458E-7
0.615 1.7777445893152333E-7
0.616 1.953321406844566E-7
0.617 2.131815826089678E-7
0.618 2.312567104478802E-7
0.619 2.494933051266912E-7
0.62 2.678290007551709E-7
0.621 2.8620329084461105E-7
0.622 3.0455752586533436E-7
0.623 3.2283491857576507E-7
0.624 3.4098054335629513E-7
0.625 3.589413393179086E-7
0.626 3.766661123005832E-7
0.627 3.941055359835133E-7
0.628 4.112121547716896E-7
0.629 4.279403840179441E-7
0.63 4.4424651357566347E-7
0.631 4.600887093531014E-7
0.632 4.754270148676909E-7
0.633 4.902233523562671E-7
0.634 5.044415252175583E-7
0.635 5.180472222310328E-7
0.636 5.310080140041862E-7
0.637 5.432933611881907E-7
0.638 5.548746120354053E-7
0.639 5.657250052859553E-7
0.64 5.758196732763565E-7
0.641 5.851356421615606E-7
0.642 5.936518345794894E-7
0.643 6.01349071871482E-7
0.644 6.082100765247844E-7
0.645 6.142194712843718E-7
0.646 6.193637840379296E-7
0.647 6.236314489260764E-7
0.648 6.270128076746317E-7
0.649 6.295001115930177E-7
0.65 6.310875244608383E-7
0.651 6.317711218617461E-7
0.652 6.315488976227357E-7
0.653 6.304207609275636E-7
0.654 6.283885407576406E-7
0.655 6.254559881124777E-7
0.656 6.216287764537753E-7
0.657 6.169145048140479E-7
0.658 6.113226989068465E-7
0.659 6.048648140133395E-7
0.66 5.975542360925346E-7
0.661 5.89406283779681E-7
0.662 5.804382099405814E-7
0.663 5.706692056683949E-7
0.664 5.601203998395476E-7
0.665 5.488148615562238E-7
0.666 5.367776030329452E-7
0.667 5.240355807067942E-7
0.668 5.10617698123994E-7
0.669 4.965548059399083E-7
0.67 4.81879706581978E-7
0.671 4.666271533615429E-7
0.672 4.5083385535882314E-7
0.673 4.345384763126958E-7
0.674 4.177816388395428E-7
0.675 4.0060592620960733E-7
0.676 3.830558827910835E-7
0.677 3.6517801715874043E-7
0.678 3.4702080431436855E-7
0.679 3.286346870190471E-7
0.68 3.1007207823563476E-7
0.681 2.9138736246103747E-7
0.682 2.7263689750256503E-7
0.683 2.5387901891882336E-7
0.684 2.3517403802131298E-7
0.685 2.1658424675941035E-7
0.686 1.9817391883059088E-7
0.687 1.800093125670088E-7
0.688 1.6215867071345258E-7
0.689 1.4469222398005854E-7
0.69 1.276821934848016E-7
0.691 1.1120279186371818E-7
0.692 9.533022504726318E-8
0.693 8.014269536893437E-8
0.694 6.572040156527237E-8
0.695 5.2145544326975823E-8
0.696 3.950232319027691E-8
0.697 2.7876943864413306E-8
0.698 1.7357616233226736E-8
0.699 8.0345596842335E-9
0.7 8.881784197001252E-16
0.701 6.682433273397237E-9
0.702 1.20695511363067E-8
0.703 1.6246759937388333E-8
0.704 1.9297447195754103E-8
0.705 2.1302982045057206E-8
0.706 2.2342711680778393E-8
0.707 2.2493958251601498E-8
0.708 2.1832019303502648E-8
0.709 2.0430164227036585E-8
0.71 1.8359631592801406E-8
0.711 1.5689630039616986E-8
0.712 1.2487331169097615E-8
0.713 8.81787354245489E-9
0.714 4.744356019159568E-9
0.715 3.278377569415625E-10
0.716 4.372664452745312E-9
0.717 9.30017796108018E-9
0.718 1.4399775150053529E-8
0.719 1.961857920562693E-8
0.72 2.4905761009108573E-8
0.721 3.021254579849142E-8
0.722 3.549221228027477E-8
0.723 4.070009529399954E-8
0.724 4.57935884767835E-8
0.725 5.073214692785655E-8
0.726 5.547728809673913E-8
0.727 5.999259400368828E-8
0.728 6.424371212787605E-8
0.729 6.819836118054923E-8
0.73 7.182632888458329E-8
0.731 7.509947774764214E-8
0.732 7.799174328582126E-8
0.733 8.047913979680743E-8
0.734 8.253975991578955E-8
0.735 8.415377816817227E-8
0.736 8.530345230184366E-8
0.737 8.597312550762126E-8
0.738 8.614922819560888E-8
0.739 8.582028110382112E-8
0.74 8.497689574227252E-8
0.741 8.361177972204814E-8
0.742 8.171973275850064E-8
0.743 7.92976564412129E-8
0.744 7.634455023719511E-8
0.745 7.286151637586613E-8
0.746 6.88517620694995E-8
0.747 6.432059951322344E-8
0.748 5.927545121409139E-8
0.749 5.372584910290357E-8
0.75 4.768343808692066E-8
0.751 4.1161977826220664E-8
0.752 3.417734673050177E-8
0.753 2.6747539294547096E-8
0.754 1.8892673647741276E-8
0.755 1.063499022180281E-8
0.756 1.9988553034977485E-9
0.757 6.989237633092671E-9
0.758 1.6300664373858353E-8
0.759 2.5904670408749553E-8
0.76 3.576836604679556E-8
0.761 4.585672463974788E-8
0.762 5.613258435843704E-8
0.763 6.655663975507764E-8
0.764 7.708744398371437E-8
0.765 8.768140657977597E-8
0.766 9.829278768691552E-8
0.767 1.0887370116563488E-7
0.768 1.193741083760358E-7
0.769 1.297418168455522E-7
0.77 1.3992248071303948E-7
0.771 1.4985959406743632E-7
0.772 1.594944913918539E-7
0.773 1.6876634889584352E-7
0.774 1.7761217341316637E-7
0.775 1.859668095072209E-7
0.776 1.9376293147743695E-7
0.777 2.009310429151867E-7
0.778 2.0739947670378456E-7
0.779 2.1309438702488137E-7
0.78 2.1793975557571343E-7
0.781 2.218573804668722E-7
0.782 2.247668806631964E-7
0.783 2.2658569154287989E-7
0.784 2.272290626770257E-7
0.785 2.2661005338875384E-7
0.786 2.2463953586182583E-7
0.787 2.2122618847930653E-7
0.788 2.1627649404720728E-7
0.789 2.0969474023857515E-7
0.79 2.0138301515260082E-7
0.791 1.9124120509417253E-7
0.792 1.7916699412978687E-7
0.793 1.650558596466567E-7
0.794 1.488010714645327E-7
0.795 1.3029368961525734E-7
0.796 1.0942256301049724E-7
0.797 8.607432322449426E-8
0.798 6.013338715860073E-8
0.799 3.148195437674417E-8
0.8 4.440892098500626E-16
0.801 3.438664464283647E-8
0.802 7.15620598334965E-8
0.803 1.1136447719550802E-7
0.804 1.5363435679205395E-7
0.805 1.98214392899132E-7
0.806 2.449495117851086E-7
0.807 2.9368687792796777E-7
0.808 3.4427589490348964E-7
0.809 3.9656820716160723E-7
0.81 4.504177013586741E-7
0.811 5.056805125747132E-7
0.812 5.622150207607035E-7
0.813 6.198818587321853E-7
0.814 6.78543909060636E-7
0.815 7.380663102907192E-7
0.816 7.983164591607306E-7
0.817 8.591640092703301E-7
0.818 9.204808768537021E-7
0.819 9.821412425559117E-7
0.82 1.0440215509888162E-6
0.821 1.1060005169483134E-6
0.822 1.167959123637985E-6
0.823 1.229780629774524E-6
0.824 1.291350567811378E-6
0.825 1.3525567452710163E-6
0.826 1.4132892527385366E-6
0.827 1.4734404629734854E-6
0.828 1.5329050282453238E-6
0.829 1.5915798914356571E-6
0.83 1.6493642833736999E-6
0.831 1.7061597259449002E-6
0.832 1.7618700329791182E-6
0.833 1.8164013155796965E-6
0.834 1.869661980791193E-6
0.835 1.9215627387048073E-6
0.836 1.9720165993497574E-6
0.837 2.020938879354617E-6
0.838 2.068247201059137E-6
0.839 2.1138614969551384E-6
0.84 2.1577040114628687E-6
0.841 2.199699303151448E-6
0.842 2.2397742456270464E-6
0.843 2.277858032861957E-6
0.844 2.3138821783064145E-6
0.845 2.3477805202176683E-6
0.846 2.3794892221040698E-6
0.847 2.408946774057341E-6
0.848 2.436093998969824E-6
0.849 2.4608740503140325E-6
0.85 2.483232416139458E-6
0.851 2.5031169248457275E-6
0.852 2.5204777416298896E-6
0.853 2.5352673747036647E-6
0.854 2.5474406757375334E-6
0.855 2.556954845189807E-6
0.856 2.563769429642093E-6
0.857 2.5678463293488107E-6
0.858 2.569149797793102E-6
0.859 2.567646443907279E-6
0.86 2.5633052347373564E-6
0.861 2.556097500328036E-6
0.862 2.545996931502259E-6
0.863 2.5329795860784543E-6
0.864 2.5170238875382722E-6
0.865 2.4981106330201897E-6
0.866 2.4762229897667964E-6
0.867 2.4513465000097767E-6
0.868 2.42346908585489E-6
0.869 2.3925810461733477E-6
0.87 2.3586750637072385E-6
0.871 2.3217462059577088E-6
0.872 2.2817919251849617E-6
0.873 2.238812064625506E-6
0.874 2.192808860712603E-6
0.875 2.1437869404117293E-6
0.876 2.091753330102364E-6
0.877 2.03671745291345E-6
0.878 1.9786911349406466E-6
0.879 1.9176886056904152E-6
0.88 1.8537264989682E-6
0.881 1.7868238599838548E-6
0.882 1.7170021431311966E-6
0.883 1.6442852155407195E-6
0.884 1.5686993606323085E-6
0.885 1.490273281223864E-6
0.886 1.4090380986431228E-6
0.887 1.325027358944908E-6
0.888 1.238277032467039E-6
0.889 1.1488255173830453E-6
0.89 1.0567136441430591E-6
0.891 9.619846723651904E-7
0.892 8.64684299717311E-7
0.893 7.648606601406982E-7
0.894 6.625643282909266E-7
0.895 5.578483195378681E-7
0.896 4.5076809662703E-7
0.897 3.413815687913768E-7
0.898 2.297490930835977E-7
0.899 1.1593348192562303E-7
0.9 8.881784197001252E-16
0.901 1.1798362908876925E-7
0.902 2.3794722325831685E-7
0.903 3.5981813883978475E-7
0.904 4.835212661369326E-7
0.905 6.089790294261377E-7
0.906 7.361113834036814E-7
0.907 8.648358105212139E-7
0.908 9.950673192093973E-7
0.909 1.1267184412133702E-6
0.91 1.259699227595945E-6
0.911 1.3939172496257868E-6
0.912 1.529277592116074E-6
0.913 1.665682854756767E-6
0.914 1.803033147673716E-6
0.915 1.9412260874318576E-6
0.916 2.080156798811572E-6
0.917 2.2197179090355235E-6
0.918 2.3597995451041243E-6
0.919 2.5002893333514464E-6
0.92 2.64107239456024E-6
0.921 2.7820313439619326E-6
0.922 2.923046288128006E-6
0.923 3.0639948187527466E-6
0.924 3.2047520166500476E-6
0.925 3.3451904437598046E-6
0.926 3.4851801435920038E-6
0.927 3.624588638118098E-6
0.928 3.7632809228860253E-6
0.929 3.901119468352476E-6
0.93 4.037964215886092E-6
0.931 4.1736725742147485E-6
0.932 4.308099416316935E-6
0.933 4.441097079865841E-6
0.934 4.572515362344376E-6
0.935 4.702201519268812E-6
0.936 4.8300002610801585E-6
0.937 4.955753750923719E-6
0.938 5.0793016033168215E-6
0.939 5.200480879263836E-6
0.94 5.319126085367998E-6
0.941 5.435069170278695E-6
0.942 5.548139523803286E-6
0.943 5.658163972022123E-6
0.944 5.76496677684446E-6
0.945 5.868369631123471E-6
0.946 5.968191660432609E-6
0.947 6.0642494132956415E-6
0.948 6.156356866515722E-6
0.949 6.244325416737695E-6
0.95 6.3279638808921845E-6
0.951 6.407078493086971E-6
0.952 6.481472901054275E-6
0.953 6.550948164818493E-6
0.954 6.615302752255303E-6
0.955 6.674332539979844E-6
0.956 6.727830806685375E-6
0.957 6.7755882331432815E-6
0.958 6.817392898650354E-6
0.959 6.853030278364258E-6
0.96 6.882283241083087E-6
0.961 6.904932047913093E-6
0.962 6.9207543456073495E-6
0.963 6.929525169230288E-6
0.964 6.93101693505227E-6
0.965 6.924999440993673E-6
0.966 6.911239860851737E-6
0.967 6.889502747409182E-6
0.968 6.859550022220162E-6
0.969 6.821140978718887E-6
0.97 6.7740322768905514E-6
0.971 6.717977942383158E-6
0.972 6.652729362066623E-6
0.973 6.578035281812333E-6
0.974 6.493641805160877E-6
0.975 6.399292390213418E-6
0.976 6.294727845634895E-6
0.977 6.179686328433576E-6
0.978 6.053903343516964E-6
0.979 5.917111737474556E-6
0.98 5.769041699021926E-6
0.981 5.609420754115746E-6
0.982 5.437973765509696E-6
0.983 5.254422927869484E-6
0.984 5.058487765996489E-6
0.985 4.849885132607312E-6
0.986 4.628329206557424E-6
0.987 4.393531485291646E-6
0.988 4.14520079017322E-6
0.989 3.883043255825669E-6
0.99 3.606762332797331E-6
0.991 3.316058783120468E-6
0.992 3.0106306767585522E-6
0.993 2.6901733902739977E-6
0.994 2.3543796037195364E-6
0.995 2.0029392970855042E-6
0.996 1.6355397507439307E-6
0.997 1.251865536122665E-6
0.998 8.515985210344468E-7
0.999 4.344178599069437E-7
1.0 8.881784197001252E-16
